2
0.95 3 3
10 30
dirt-straight:3,5,7
dirt-slalom:2,6
asphalt-straight:4,8,10
asphalt-slalom:1,9
3
mazda:0.1737 0.0249 0.0811 0.1843 0.0111 0.0866 0.0704 0.0716 0.0125 0.1796 0.0702 0.034
toyota:0.0469 0.165 0.1121 0.1504 0.1642 0.0487 0.0043 0.0152 0.0911 0.0418 0.1101 0.0502 
hyundai:0.0489 0.0762 0.0499 0.0003 0.0846 0.1215 0.1113 0.0361 0.1615 0.1181 0.05 0.1416 
2
stig:0.0261 0.0203 0.0123 0.1519 0.1085 0.193 0.1196 0.1184 0.0043 0.0588 0.0452 0.1416 
schumacher:0.0013 0.1941 0.0875 0.017 0.0729 0.105 0.1645 0.1148 0.0945 0.0286 0.0707 0.0491 
dunlop:0.0983 0.0101 0.1437 0.117 0.1259 0.0714 0.0128 0.1114 0.0061 0.1491 0.0908 0.0634 
clarkrubber:0.1313 0.0711 0.1253 0.0908 0.0289 0.0627 0.0524 0.0785 0.0511 0.106 0.1457 0.0561 
tyres'R'us:0.0007 0.009 0.0103 0.1636 0.1441 0.1444 0.1787 0.0437 0.0127 0.0762 0.0561 0.1606 
bridgestone:0.1654 0.0193 0.0046 0.12 0.045 0.1518 0.1115 0.171 0.0732 0.0568 0.01 0.0714 
2 3 6 7 7 9 2 6 6 3 8 7
0.4 0.3686 0.1544 0.0763 0.0625 0.0563 0.1417 0.0032 0.3196 0.2522 0.4441 0.2666 